 V0 = 
   0.0000000000000000        7.9735869237730790E-004   1.1846472001034289E-003   1.2757739078036925E-003   1.4580273232042201E-003   1.6402807386047475E-003   1.9136608617055389E-003
 D = 
   7.2800002992153168E-002   7.1699999272823334E-002   7.0600003004074097E-002   6.9499999284744263E-002   6.8400003015995026E-002   6.7299999296665192E-002   6.6200003027915955E-002
 W = 
   9.6685435479496637E-004   9.5227409546775623E-004   9.3769383614054609E-004   9.2356916863734102E-004   9.0898890931013099E-004   8.9440864998292086E-004   8.7982839065571072E-004
 Req = 
   0.0000000000000000        5.0000000000000000        10.000000000000000        15.000000000000000        20.000000000000000        25.000000000000000        30.000000000000000     
 C = 
   0.0000000000000000       -2.8249279387081763E-004   7.7457701545224190E-005   3.6450683080105505E-005  -4.5563353850131881E-006  -4.1007018465118691E-005   1.2757739078036925E-004  -2.8249279387081763E-004   0.0000000000000000       -2.5971111694575173E-004  -2.2781676925065939E-005  -3.1894347695092312E-004  -8.6570372315250563E-005   2.7338012310079125E-005   7.7457701545224190E-005  -2.5971111694575173E-004   0.0000000000000000       -1.8225341540052753E-005  -9.1126707700263763E-006   1.4580273232042202E-004   4.5563353850131881E-006   3.6450683080105505E-005  -2.2781676925065939E-005  -1.8225341540052753E-005   0.0000000000000000        2.7338012310079125E-005  -3.6450683080105505E-005  -4.8297155081139791E-004  -4.5563353850131881E-006  -3.1894347695092312E-004  -9.1126707700263763E-006   2.7338012310079125E-005   0.0000000000000000        1.8225341540052751E-004   9.1126707700263763E-006  -4.1007018465118691E-005  -8.6570372315250563E-005   1.4580273232042202E-004  -3.6450683080105505E-005   1.8225341540052751E-004   0.0000000000000000        5.9232360005171444E-005   1.2757739078036925E-004   2.7338012310079125E-005   4.5563353850131881E-006  -4.8297155081139791E-004   9.1126707700263763E-006   5.9232360005171444E-005   0.0000000000000000     
 Rc = 
   0.0000000000000000        224.00000000000000        157.00000000000000        122.00000000000000        99.000000000000000        93.000000000000000        94.000000000000000        224.00000000000000        0.0000000000000000        102.00000000000000        67.000000000000000        65.000000000000000        66.000000000000000        72.000000000000000        157.00000000000000        102.00000000000000        0.0000000000000000        34.000000000000000        48.000000000000000        54.000000000000000        65.000000000000000        122.00000000000000        67.000000000000000        34.000000000000000        0.0000000000000000        62.000000000000000        65.000000000000000        76.000000000000000        99.000000000000000        65.000000000000000        48.000000000000000        62.000000000000000        0.0000000000000000        69.000000000000000        84.000000000000000        93.000000000000000        66.000000000000000        54.000000000000000        65.000000000000000        69.000000000000000        0.0000000000000000        100.00000000000000        94.000000000000000        72.000000000000000        65.000000000000000        76.000000000000000        84.000000000000000        100.00000000000000        0.0000000000000000     
 a1, a2 = 
   4.9999998736893758E-005   1.9999999552965164E-002
